0 41 313 154 487 96 67 183 146 155 176 299 419 486 365 208 162 245 93 422 271 290 56 88 175 99 175 85 32 379 479 381 179 403 491 157 219 292 328 481 401 10 370 205 206 259 189 402 245 309 96 134 174 452 485 50 483 223 477 235 437 197 469 39 13 275 393 284 316 309 61 153 479 470 290 89 387 448 299 289 25 351 255 170 286 227 204 102 65 316 133 34 408 266 252 449 468 254 260 87 
41 0 14 221 297 237 348 213 190 361 129 352 65 177 75 477 455 473 84 12 363 476 31 63 81 474 362 234 261 443 216 446 77 42 166 147 177 4 436 79 326 446 254 497 25 313 372 102 125 140 33 499 82 322 103 16 487 137 354 116 99 162 72 85 452 221 65 333 429 364 491 201 73 288 423 98 259 132 69 213 80 277 184 320 393 325 42 250 206 403 367 1 216 387 396 238 129 354 31 129 
313 14 0 189 18 261 175 492 449 264 150 448 305 469 86 3 183 274 487 248 301 41 495 334 287 195 72 190 469 377 300 409 337 300 217 482 91 322 204 23 153 65 72 146 130 435 419 369 210 321 493 257 139 328 281 60 323 149 12 113 499 128 215 341 170 76 428 472 261 133 52 341 406 394 399 297 262 141 407 441 217 123 35 266 320 460 124 288 320 448 137 171 300 131 182 255 143 442 253 118 
154 221 189 0 177 195 438 324 343 403 98 382 85 143 386 370 394 50 261 18 363 351 44 350 271 6 273 42 3 289 396 48 402 311 346 238 47 55 200 227 184 380 176 269 249 28 301 154 198 319 268 240 82 230 377 301 397 300 331 335 192 100 51 167 478 299 72 421 133 351 251 404 385 8 168 66 145 170 253 223 324 352 94 69 414 269 69 247 312 200 323 438 239 464 271 415 416 143 165 111 
487 297 18 177 0 25 223 101 430 176 309 40 216 34 333 107 180 353 493 368 221 329 91 22 287 158 480 498 229 361 353 268 115 225 93 122 285 413 23 271 149 165 201 175 179 101 202 229 116 381 373 81 24 429 350 259 96 407 389 92 54 259 236 20 266 419 284 44 430 140 23 229 245 227 485 460 229 416 413 296 449 211 146 378 444 180 81 72 204 41 445 156 327 1 85 241 28 0 237 102 
96 237 261 195 25 0 142 392 120 143 193 315 450 177 360 196 97 181 217 217 65 290 303 240 499 89 238 86 107 385 458 124 292 143 187 223 231 462 364 313 350 446 415 417 79 468 344 234 180 126 435 123 400 424 48 309 94 134 326 18 124 342 255 60 204 241 226 370 246 125 465 215 209 335 134 391 159 63 156 231 86 230 290 427 357 223 143 290 102 160 3 265 497 380 29 56 161 150 390 322 
67 348 175 438 223 142 0 259 248 409 186 75 115 168 330 74 65 287 1 214 421 474 388 411 4 358 397 18 392 272 330 11 223 95 421 406 406 473 411 382 405 40 86 387 313 369 23 438 315 20 109 441 75 199 170 423 401 384 147 265 31 440 174 47 416 111 298 257 32 224 456 65 336 77 455 73 324 318 285 340 174 89 36 38 412 347 327 219 197 273 494 236 372 85 84 109 290 366 471 42 
183 213 492 324 101 392 259 0 67 402 80 262 109 68 48 222 65 199 482 150 445 72 415 492 479 309 42 121 451 434 93 454 372 16 412 206 184 84 40 140 346 297 231 20 338 456 39 274 64 411 96 131 337 153 494 67 153 177 299 370 66 89 477 81 149 212 23 88 283 346 480 150 481 175 44 465 267 315 83 231 257 1 47 384 304 402 201 217 136 223 86 469 78 202 447 19 424 209 27 187 
146 190 449 343 430 120 248 67 0 61 116 67 64 491 428 111 13 110 447 290 110 91 450 151 138 389 108 424 453 144 306 235 448 115 367 189 454 160 250 316 25 42 480 30 17 231 109 226 226 454 381 249 376 151 216 300 20 312 489 336 429 494 154 382 377 209 201 129 373 200 61 32 439 205 444 105 466 484 348 135 185 15 5 359 496 165 2 493 143 189 234 424 289 73 368 327 241 34 497 442 
155 361 264 403 176 143 409 402 61 0 249 336 166 196 492 19 261 143 165 335 495 189 319 80 200 447 203 97 392 61 349 127 323 304 299 156 269 122 4 488 470 464 475 442 421 78 327 463 472 393 61 39 300 294 229 225 3 141 174 25 222 142 229 106 337 135 87 297 439 338 465 83 199 50 208 306 468 9 93 132 215 487 107 267 191 82 23 260 116 32 452 386 272 153 439 362 447 398 460 497 
176 129 150 98 309 193 186 80 116 249 0 397 393 283 433 261 78 465 253 259 241 287 272 477 30 40 277 376 70 63 354 133 153 6 444 345 209 53 483 319 336 194 260 235 145 74 137 134 479 484 239 299 424 41 226 256 472 304 336 246 56 120 382 489 37 263 88 340 380 31 23 219 101 142 300 438 427 474 299 82 58 228 278 478 206 423 38 256 478 223 275 472 193 94 499 248 347 0 184 188 
299 352 448 382 40 315 75 262 67 336 397 0 74 328 340 56 78 172 104 169 22 490 291 116 461 318 125 254 19 4 272 240 448 368 397 351 456 397 266 89 295 84 14 389 491 395 186 472 93 357 84 75 364 264 38 140 20 496 112 144 318 486 351 284 459 330 497 423 335 221 300 296 407 254 219 396 94 241 362 382 275 29 458 30 326 55 61 92 306 287 41 302 158 227 115 279 219 182 491 372 
419 65 305 85 216 450 115 109 64 166 393 74 0 227 266 390 378 29 84 395 312 239 383 376 118 364 134 169 472 446 160 362 395 141 201 423 421 322 141 13 293 270 438 373 469 343 416 348 482 499 423 99 37 383 415 48 432 162 387 12 375 146 269 403 432 14 152 401 487 217 328 439 195 318 18 18 349 385 106 250 230 421 281 421 216 187 334 193 124 178 425 152 499 388 22 343 81 416 99 338 
486 177 469 143 34 177 168 68 491 196 283 328 227 0 235 163 140 481 95 303 151 393 133 178 205 475 401 108 407 388 294 127 197 335 328 118 445 250 170 259 323 215 157 480 339 274 327 453 5 336 499 363 195 220 172 155 453 37 457 482 192 464 237 460 455 336 175 343 70 124 235 278 219 390 349 262 296 408 166 144 82 487 246 191 83 307 101 199 115 239 201 471 478 454 242 231 382 185 491 113 
365 75 86 386 333 360 330 48 428 492 433 340 266 235 0 183 111 112 25 140 15 53 275 220 40 26 78 427 494 308 54 77 8 198 442 50 465 337 345 351 32 200 490 73 308 316 169 3 36 329 231 245 25 144 352 307 324 51 3 315 410 486 301 462 105 283 250 376 89 84 453 238 84 224 447 444 42 460 235 352 211 363 299 390 133 309 205 32 473 3 355 80 366 302 212 251 489 193 440 433 
208 477 3 370 107 196 74 222 111 19 261 56 390 163 183 0 447 476 221 479 55 63 142 115 328 89 382 493 5 157 333 317 408 325 104 97 16 417 6 271 356 206 438 277 65 24 123 307 333 450 349 226 129 388 362 449 33 351 491 105 361 271 176 232 26 32 178 231 129 315 112 241 427 479 80 226 423 248 219 457 37 327 422 93 11 330 400 349 160 137 304 425 110 366 207 251 105 253 390 348 
162 455 183 394 180 97 65 65 13 261 78 78 378 140 111 447 0 381 464 199 393 181 69 348 459 3 169 68 440 430 146 340 411 313 268 336 360 6 88 283 396 106 481 286 262 11 399 18 105 457 442 201 351 77 421 491 57 232 482 226 132 443 104 392 437 488 455 0 60 344 182 303 355 365 299 15 396 85 171 101 270 488 92 444 476 91 232 373 178 390 378 380 142 168 131 96 403 424 106 331 
245 473 274 50 353 181 287 199 110 143 465 172 29 481 112 476 381 0 281 105 238 403 300 298 122 66 236 366 383 123 229 142 493 23 268 91 497 431 256 364 210 302 447 381 473 85 14 333 87 405 106 424 288 213 167 260 165 65 329 201 228 466 73 343 366 339 393 148 21 352 376 6 60 254 448 393 417 278 164 268 462 477 413 309 305 111 456 343 336 463 391 208 495 147 348 498 249 121 413 50 
93 84 487 261 493 217 1 482 447 165 253 104 84 95 25 221 464 281 0 291 279 5 454 179 398 412 478 102 262 464 471 100 165 312 141 406 335 197 107 38 276 196 242 285 181 222 415 437 232 365 350 83 294 202 128 382 232 438 27 273 22 474 161 63 414 205 130 113 97 19 157 120 133 171 184 323 411 101 99 33 91 214 308 7 165 44 136 433 219 177 433 99 67 371 454 479 390 248 498 96 
422 12 248 18 368 217 214 150 290 335 259 169 395 303 140 479 199 105 291 0 382 176 78 135 260 340 439 438 409 74 428 400 281 118 296 10 190 5 266 12 192 333 118 22 470 471 144 195 138 334 287 389 244 158 465 336 280 445 361 306 149 445 197 423 155 170 406 253 189 70 289 170 452 22 119 69 368 171 108 273 28 346 52 40 206 344 210 444 108 301 260 137 77 137 471 138 491 111 223 159 
271 363 301 363 221 65 421 445 110 495 241 22 312 151 15 55 393 238 279 382 0 479 85 357 98 70 138 100 107 346 59 58 202 457 262 313 177 236 357 184 50 111 70 345 147 57 436 179 165 49 40 235 206 202 329 219 167 228 452 80 277 288 95 111 290 440 31 311 163 367 292 349 300 344 132 124 48 5 347 394 161 475 41 23 98 75 417 356 188 203 225 367 354 133 490 306 168 275 290 109 
290 476 41 351 329 290 474 72 91 189 287 490 239 393 53 63 181 403 5 176 479 0 257 383 435 176 221 319 38 337 241 476 110 396 220 151 49 357 178 259 290 67 131 479 53 95 169 161 64 94 269 24 75 253 259 270 466 194 496 93 326 349 125 240 446 368 489 193 444 419 199 205 103 267 340 218 281 401 14 419 112 82 291 222 418 189 93 486 282 413 326 228 454 312 209 491 45 43 62 29 
56 31 495 44 91 303 388 415 450 319 272 291 383 133 275 142 69 300 454 78 85 257 0 162 481 395 426 318 360 481 421 154 328 339 244 380 5 99 199 1 295 415 61 85 208 174 378 144 18 92 223 395 71 249 82 179 190 26 146 490 348 327 485 192 182 391 165 332 121 174 276 24 188 9 388 369 333 296 414 26 196 331 76 147 119 205 477 25 321 330 125 312 492 362 458 301 317 103 125 117 
88 63 334 350 22 240 411 492 151 80 477 116 376 178 220 115 348 298 179 135 357 383 162 0 114 141 163 290 471 318 188 435 256 86 418 344 386 290 174 74 352 145 219 213 8 38 176 159 399 270 88 245 490 58 389 225 368 178 183 91 278 454 62 443 135 228 21 451 205 487 461 78 398 410 270 472 74 172 212 383 376 339 424 150 291 256 292 364 116 314 190 331 102 320 425 413 345 123 221 324 
175 81 287 271 287 499 4 479 138 200 30 461 118 205 40 328 459 122 398 260 98 435 481 114 0 486 177 484 171 111 366 430 205 94 125 243 388 398 155 233 350 175 281 435 215 183 358 461 32 119 467 170 384 75 486 19 426 245 97 214 277 4 229 270 93 485 127 314 315 30 342 287 375 372 297 170 188 109 7 33 100 119 157 225 24 224 410 0 223 99 189 184 226 101 227 281 167 116 495 406 
99 474 195 6 158 89 358 309 389 447 40 318 364 475 26 89 3 66 412 340 70 176 395 141 486 0 75 339 154 292 33 331 465 346 219 241 175 485 191 59 315 354 490 235 429 158 452 407 8 17 83 483 319 90 419 309 328 428 54 223 338 281 60 419 436 37 464 99 213 345 131 484 69 52 433 161 384 231 122 282 458 169 208 262 467 217 490 332 212 498 207 293 494 55 368 451 270 223 446 321 
175 362 72 273 480 238 397 42 108 203 277 125 134 401 78 382 169 236 478 439 138 221 426 163 177 75 0 56 447 91 185 295 23 43 84 245 143 447 490 214 36 448 333 383 66 295 346 76 396 313 400 217 479 138 235 201 479 205 32 357 175 246 218 349 346 320 440 216 334 216 160 129 304 374 140 15 168 487 327 12 171 147 446 382 350 356 408 22 186 103 435 158 45 185 464 469 38 285 78 189 
85 234 190 42 498 86 18 121 424 97 376 254 169 108 427 493 68 366 102 438 100 319 318 290 484 339 56 0 14 332 270 37 269 22 174 78 377 84 332 149 361 419 172 186 189 222 137 472 438 253 158 392 195 323 140 131 144 149 102 200 444 257 73 112 238 124 113 212 499 44 200 139 490 477 122 325 468 170 492 436 191 362 458 469 434 48 275 145 170 98 347 140 374 86 55 286 486 203 254 225 
32 261 469 3 229 107 392 451 453 392 70 19 472 407 494 5 440 383 262 409 107 38 360 471 171 154 447 14 0 123 329 123 215 411 484 449 130 92 358 95 260 79 63 96 163 483 415 145 478 117 106 252 158 395 166 324 203 257 445 349 125 285 79 76 456 497 389 334 137 199 138 398 343 197 45 229 425 25 320 325 248 406 132 240 495 260 389 53 266 117 219 387 48 117 405 277 425 212 201 238 
379 443 377 289 361 385 272 434 144 61 63 4 446 388 308 157 430 123 464 74 346 337 481 318 111 292 91 332 123 0 261 422 253 280 459 205 487 225 496 22 484 488 302 148 271 231 488 92 138 477 438 324 307 201 132 307 449 312 476 322 139 114 209 345 403 354 210 349 115 162 80 473 57 370 40 494 204 184 499 52 122 60 263 1 475 280 69 209 42 290 383 188 383 241 289 142 202 117 23 409 
479 216 300 396 353 458 330 93 306 349 354 272 160 294 54 333 146 229 471 428 59 241 421 188 366 33 185 270 329 261 0 427 305 455 149 14 55 496 417 41 229 321 2 85 41 3 116 472 245 160 463 273 345 205 485 225 333 401 224 285 321 350 162 486 214 203 488 252 164 185 120 138 357 441 227 37 344 302 398 312 198 252 127 355 75 150 391 395 268 368 114 77 444 263 207 41 182 84 413 469 
381 446 409 48 268 124 11 454 235 127 133 240 362 127 77 317 340 142 100 400 58 476 154 435 430 331 295 37 123 422 427 0 184 358 14 285 482 355 290 416 34 92 428 252 259 232 288 128 59 5 420 240 374 58 322 301 3 199 81 262 340 332 224 56 99 494 263 412 58 115 45 315 319 267 250 195 421 227 271 24 50 405 331 305 194 88 139 247 458 374 428 59 381 148 355 355 95 469 98 381 
179 77 337 402 115 292 223 372 448 323 153 448 395 197 8 408 411 493 165 281 202 110 328 256 205 465 23 269 215 253 305 184 0 347 195 227 253 328 467 377 50 97 221 21 131 300 382 196 169 153 366 255 438 123 3 283 410 227 195 202 140 173 74 103 41 62 320 141 11 321 429 2 375 341 82 330 460 246 386 345 258 61 441 26 287 466 335 8 376 192 313 459 475 432 396 435 128 307 46 239 
403 42 300 311 225 143 95 16 115 304 6 368 141 335 198 325 313 23 312 118 457 396 339 86 94 346 43 22 411 280 455 358 347 0 3 124 0 338 207 52 82 197 398 260 72 90 74 311 244 91 258 468 156 287 161 469 240 192 123 268 466 443 182 364 425 365 188 209 383 2 168 41 149 117 247 49 411 188 192 296 228 220 179 287 465 67 306 319 162 448 48 30 170 167 323 158 255 466 187 107 
491 166 217 346 93 187 421 412 367 299 444 397 201 328 442 104 268 268 141 296 262 220 244 418 125 219 84 174 484 459 149 14 195 3 0 204 254 342 234 65 306 9 447 482 14 480 333 35 362 62 185 70 320 41 396 488 27 353 132 374 81 312 475 498 74 54 321 450 346 41 141 485 190 468 99 300 422 352 52 202 145 380 137 363 262 278 39 134 446 106 26 130 347 453 341 299 396 104 478 129 
157 147 482 238 122 223 406 206 189 156 345 351 423 118 50 97 336 91 406 10 313 151 380 344 243 241 245 78 449 205 14 285 227 124 204 0 289 428 246 391 436 152 445 136 466 408 415 335 269 76 23 343 432 26 141 164 110 295 343 152 148 232 315 8 324 200 264 180 443 304 262 63 446 65 50 201 451 197 217 273 242 441 100 479 139 173 173 136 481 184 140 176 318 146 49 461 220 84 212 413 
219 177 91 47 285 231 406 184 454 269 209 456 421 445 465 16 360 497 335 190 177 49 5 386 388 175 143 377 130 487 55 482 253 0 254 289 0 295 462 138 84 71 406 188 488 5 56 229 49 354 229 30 266 30 150 463 27 42 102 348 47 383 343 378 344 302 3 69 237 73 334 211 298 321 230 294 200 489 24 258 438 50 137 466 8 343 69 123 253 348 227 140 98 213 134 380 341 381 418 154 
292 4 322 55 413 462 473 84 160 122 53 397 322 250 337 417 6 431 197 5 236 357 99 290 398 485 447 84 92 225 496 355 328 338 342 428 295 0 402 310 290 158 222 419 170 202 156 216 18 72 298 256 222 209 432 124 282 67 369 235 451 239 446 338 363 214 254 35 331 233 133 66 467 155 396 61 342 395 488 305 360 339 409 478 460 48 73 244 204 426 209 138 467 94 284 374 313 65 482 185 
328 436 204 200 23 364 411 40 250 4 483 266 141 170 345 6 88 256 107 266 357 178 199 174 155 191 490 332 358 496 417 290 467 207 234 246 462 402 0 467 117 122 186 236 168 358 62 32 467 134 356 265 457 320 372 34 393 149 282 138 407 268 32 223 249 129 222 62 155 452 270 327 346 227 304 303 130 398 193 177 473 238 250 345 182 432 444 482 338 67 466 391 94 207 426 84 46 372 184 50 
481 79 23 227 271 313 382 140 316 488 319 89 13 259 351 271 283 364 38 12 184 259 1 74 233 59 214 149 95 22 41 416 377 52 65 391 138 310 467 0 182 359 294 292 199 318 116 456 58 16 470 114 53 435 361 270 187 376 489 262 51 89 68 5 276 294 316 365 251 311 82 83 9 414 331 492 425 451 89 358 477 124 154 209 86 76 327 490 97 235 65 360 72 75 286 38 278 130 214 393 
401 326 153 184 149 350 405 346 25 470 336 295 293 323 32 356 396 210 276 192 50 290 295 352 350 315 36 361 260 484 229 34 50 82 306 436 84 290 117 182 0 497 77 65 155 57 24 158 143 50 175 480 271 43 270 351 363 255 437 237 110 183 184 411 97 26 354 111 351 229 0 430 80 283 305 459 430 18 188 111 493 451 40 386 495 263 195 375 322 407 465 276 67 266 111 113 27 60 356 249 
10 446 65 380 165 446 40 297 42 464 194 84 270 215 200 206 106 302 196 333 111 67 415 145 175 354 448 419 79 488 321 92 97 197 9 152 71 158 122 359 497 0 344 278 350 61 129 249 61 193 196 458 455 31 313 497 461 242 99 272 57 209 361 193 334 463 86 317 290 224 60 65 479 137 51 448 451 373 414 281 195 5 97 406 122 98 336 46 95 477 387 60 138 229 322 156 403 87 19 294 
370 254 72 176 201 415 86 231 480 475 260 14 438 157 490 438 481 447 242 118 70 131 61 219 281 490 333 172 63 302 2 428 221 398 447 445 406 222 186 294 77 344 0 198 444 120 442 120 103 445 183 358 389 174 165 224 65 248 35 292 77 487 472 117 147 28 425 11 52 159 364 82 481 432 82 206 220 257 296 150 404 440 327 220 435 335 395 439 411 471 473 94 491 482 369 93 224 215 458 202 
205 497 146 269 175 417 387 20 30 442 235 389 373 480 73 277 286 381 285 22 345 479 85 213 435 235 383 186 96 148 85 252 21 260 482 136 188 419 236 292 65 278 198 0 436 28 484 296 190 352 488 124 125 402 145 11 99 103 179 200 9 295 286 443 426 248 24 263 295 483 141 482 207 49 139 113 198 219 268 70 213 489 479 143 448 116 102 48 115 205 476 328 289 8 258 373 186 445 127 8 
206 25 130 249 179 79 313 338 17 421 145 491 469 339 308 65 262 473 181 470 147 53 208 8 215 429 66 189 163 271 41 259 131 72 14 466 488 170 168 199 155 350 444 436 0 156 372 224 186 247 119 8 29 100 120 67 251 315 154 343 403 245 266 227 43 179 318 321 420 165 99 331 219 162 267 469 27 373 346 480 32 125 46 106 59 357 316 65 387 30 250 437 268 302 411 171 486 493 230 434 
259 313 435 28 101 468 369 456 231 78 74 395 343 274 316 24 11 85 222 471 57 95 174 38 183 158 295 222 483 231 3 232 300 90 480 408 5 202 358 318 57 61 120 28 156 0 49 120 226 21 446 311 128 71 310 265 318 47 152 19 76 412 89 14 244 351 302 106 61 345 336 235 138 382 370 139 480 415 358 253 25 482 139 442 119 480 7 462 221 420 153 53 460 494 300 31 365 121 401 227 
189 372 419 301 202 344 23 39 109 327 137 186 416 327 169 123 399 14 415 144 436 169 378 176 358 452 346 137 415 488 116 288 382 74 333 415 56 156 62 116 24 129 442 484 372 49 0 26 103 61 190 167 39 275 128 340 81 73 399 481 40 139 151 290 92 199 120 345 360 450 165 290 425 35 176 455 405 68 237 327 404 104 338 361 138 166 22 168 237 345 453 385 12 71 304 252 397 342 326 172 
402 102 369 154 229 234 438 274 226 463 134 472 348 453 3 307 18 333 437 195 179 161 144 159 461 407 76 472 145 92 472 128 196 311 35 335 229 216 32 456 158 249 120 296 224 120 26 0 4 344 275 217 27 9 470 379 58 465 350 370 23 435 104 416 261 3 159 443 267 326 333 312 199 92 143 61 382 383 245 359 295 153 81 483 466 161 264 219 104 458 229 139 300 6 485 253 368 465 392 207 
245 125 210 198 116 180 315 64 226 472 479 93 482 5 36 333 105 87 232 138 165 64 18 399 32 8 396 438 478 138 245 59 169 244 362 269 49 18 467 58 143 61 103 190 186 226 103 4 0 259 469 428 394 430 121 455 103 249 132 491 74 248 233 301 269 442 488 350 273 91 29 256 270 135 56 151 425 110 68 216 221 380 398 438 373 491 448 469 78 259 9 427 312 198 3 399 116 249 266 496 
309 140 321 319 381 126 20 411 454 393 484 357 499 336 329 450 457 405 365 334 49 94 92 270 119 17 313 253 117 477 160 5 153 91 62 76 354 72 134 16 50 193 445 352 247 21 61 344 259 0 19 90 490 294 96 28 358 137 445 145 454 479 94 339 175 280 182 93 34 397 327 302 14 430 473 410 114 359 297 297 348 430 292 317 250 433 8 482 140 98 343 228 434 455 362 123 218 158 24 442 
96 33 493 268 373 435 109 96 381 61 239 84 423 499 231 349 442 106 350 287 40 269 223 88 467 83 400 158 106 438 463 420 366 258 185 23 229 298 356 470 175 196 183 488 119 446 190 275 469 19 0 99 148 122 4 161 238 169 293 484 369 207 76 44 139 16 341 164 133 213 254 448 10 34 116 177 112 125 325 118 168 111 221 295 60 429 272 113 364 42 100 196 177 144 108 100 344 148 44 472 
134 499 257 240 81 123 441 131 249 39 299 75 99 363 245 226 201 424 83 389 235 24 395 245 170 483 217 392 252 324 273 240 255 468 70 343 30 256 265 114 480 458 358 124 8 311 167 217 428 90 99 0 54 236 14 432 178 331 371 214 406 230 98 236 196 290 74 442 191 371 28 13 355 20 457 76 204 96 147 218 84 106 197 209 341 85 8 287 66 308 271 304 75 444 422 36 104 266 255 150 
174 82 139 82 24 400 75 337 376 300 424 364 37 195 25 129 351 288 294 244 206 75 71 490 384 319 479 195 158 307 345 374 438 156 320 432 266 222 457 53 271 455 389 125 29 128 39 27 394 490 148 54 0 390 299 227 464 470 149 85 485 454 104 12 481 98 0 444 301 486 319 126 232 228 286 39 192 339 221 277 120 58 293 299 93 250 290 340 194 277 111 368 117 224 40 100 163 70 102 8 
452 322 328 230 429 424 199 153 151 294 41 264 383 220 144 388 77 213 202 158 202 253 249 58 75 90 138 323 395 201 205 58 123 287 41 26 30 209 320 435 43 31 174 402 100 71 275 9 430 294 122 236 390 0 210 160 457 53 90 79 499 101 33 274 471 358 66 333 378 162 484 497 265 188 366 222 9 83 237 381 91 287 313 497 48 391 157 266 431 66 278 396 390 278 401 366 379 496 119 319 
485 103 281 377 350 48 170 494 216 229 226 38 415 172 352 362 421 167 128 465 329 259 82 389 486 419 235 140 166 132 485 322 3 161 396 141 150 432 372 361 270 313 165 145 120 310 128 470 121 96 4 14 299 210 0 139 72 268 204 399 48 440 468 433 268 230 222 236 387 190 110 64 118 224 433 2 438 18 143 65 338 51 206 295 406 193 47 133 365 133 263 475 47 101 437 192 15 193 288 121 
50 16 60 301 259 309 423 67 300 225 256 140 48 155 307 449 491 260 382 336 219 270 179 225 19 309 201 131 324 307 225 301 283 469 488 164 463 124 34 270 351 497 224 11 67 265 340 379 455 28 161 432 227 160 139 0 221 52 177 282 430 43 184 240 213 53 254 2 379 84 168 215 220 134 343 224 5 159 407 152 232 327 429 242 418 288 331 290 256 5 188 313 490 31 12 46 372 203 384 483 
483 487 323 397 96 94 401 153 20 3 472 20 432 453 324 33 57 165 232 280 167 466 190 368 426 328 479 144 203 449 333 3 410 240 27 110 27 282 393 187 363 461 65 99 251 318 81 58 103 358 238 178 464 457 72 221 0 178 205 386 73 218 417 401 166 51 52 25 0 406 417 293 237 233 172 196 366 18 170 213 119 430 193 252 268 288 86 321 184 278 68 183 340 240 347 164 343 467 421 227 
223 137 149 300 407 134 384 177 312 141 304 496 162 37 51 351 232 65 438 445 228 194 26 178 245 428 205 149 257 312 401 199 227 192 353 295 42 67 149 376 255 242 248 103 315 47 73 465 249 137 169 331 470 53 268 52 178 0 319 119 158 412 464 183 30 262 350 59 115 418 397 407 264 103 314 349 166 61 49 371 337 122 351 367 212 286 196 136 65 290 2 391 205 303 419 303 307 183 256 73 
477 354 12 331 389 326 147 299 489 174 336 112 387 457 3 491 482 329 27 361 452 496 146 183 97 54 32 102 445 476 224 81 195 123 132 343 102 369 282 489 437 99 35 179 154 152 399 350 132 445 293 371 149 90 204 177 205 319 0 150 316 377 116 135 306 444 16 453 209 122 125 437 209 125 298 23 171 167 46 176 66 247 316 140 65 57 406 177 106 311 460 148 484 425 91 281 217 460 135 205 
235 116 113 335 92 18 265 370 336 25 246 144 12 482 315 105 226 201 273 306 80 93 490 91 214 223 357 200 349 322 285 262 202 268 374 152 348 235 138 262 237 272 292 200 343 19 481 370 491 145 484 214 85 79 399 282 386 119 150 0 384 123 14 328 109 149 226 7 72 219 406 418 203 122 471 412 80 103 39 86 432 407 194 103 119 59 467 495 265 440 468 146 143 28 148 452 326 214 168 144 
437 99 499 192 54 124 31 66 429 222 56 318 375 192 410 361 132 228 22 149 277 326 348 278 277 338 175 444 125 139 321 340 140 466 81 148 47 451 407 51 110 57 77 9 403 76 40 23 74 454 369 406 485 499 48 430 73 158 316 384 0 472 66 133 290 485 486 6 61 166 410 338 44 282 437 223 464 166 252 374 262 296 238 355 127 327 314 406 0 17 373 333 314 59 160 309 17 444 199 158 
197 162 128 100 259 342 440 89 494 142 120 486 146 464 486 271 443 466 474 445 288 349 327 454 4 281 246 257 285 114 350 332 173 443 312 232 383 239 268 89 183 209 487 295 245 412 139 435 248 479 207 230 454 101 440 43 218 412 377 123 472 0 496 437 59 55 102 43 452 218 463 424 50 260 261 214 41 438 12 242 34 214 488 255 71 410 190 463 484 402 166 59 64 89 405 433 180 415 410 375 
469 72 215 51 236 255 174 477 154 229 382 351 269 237 301 176 104 73 161 197 95 125 485 62 229 60 218 73 79 209 162 224 74 182 475 315 343 446 32 68 184 361 472 286 266 89 151 104 233 94 76 98 104 33 468 184 417 464 116 14 66 496 0 134 184 72 237 129 470 491 48 70 41 65 309 371 26 226 20 241 331 205 175 52 114 226 467 249 389 369 360 127 0 270 425 222 57 214 213 144 
39 85 341 167 20 60 47 81 382 106 489 284 403 460 462 232 392 343 63 423 111 240 192 443 270 419 349 112 76 345 486 56 103 364 498 8 378 338 223 5 411 193 117 443 227 14 290 416 301 339 44 236 12 274 433 240 401 183 135 328 133 437 134 0 46 389 401 251 323 459 190 183 301 430 420 308 386 193 431 9 137 449 471 356 42 290 105 120 402 43 418 273 298 349 90 482 369 424 8 491 
13 452 170 478 266 204 416 149 377 337 37 459 432 455 105 26 437 366 414 155 290 446 182 135 93 436 346 238 456 403 214 99 41 425 74 324 344 363 249 276 97 334 147 426 43 244 92 261 269 175 139 196 481 471 268 213 166 30 306 109 290 59 184 46 0 358 401 70 64 66 469 345 344 264 86 120 435 382 476 97 194 406 421 445 250 241 11 56 411 348 385 101 182 412 330 89 36 461 135 434 
275 221 76 299 419 241 111 212 209 135 263 330 14 336 283 32 488 339 205 170 440 368 391 228 485 37 320 124 497 354 203 494 62 365 54 200 302 214 129 294 26 463 28 248 179 351 199 3 442 280 16 290 98 358 230 53 51 262 444 149 485 55 72 389 358 0 249 395 37 103 344 328 427 423 327 481 233 376 191 162 102 310 480 262 249 264 383 133 457 226 1 207 375 288 281 242 458 225 415 252 
393 65 428 72 284 226 298 23 201 87 88 497 152 175 250 178 455 393 130 406 31 489 165 21 127 464 440 113 389 210 488 263 320 188 321 264 3 254 222 316 354 86 425 24 318 302 120 159 488 182 341 74 0 66 222 254 52 350 16 226 486 102 237 401 401 249 0 228 50 279 99 59 141 322 441 156 251 260 25 248 11 15 183 497 228 166 153 66 307 260 485 495 370 63 388 204 200 200 62 483 
284 333 472 421 44 370 257 88 129 297 340 423 401 343 376 231 0 148 113 253 311 193 332 451 314 99 216 212 334 349 252 412 141 209 450 180 69 35 62 365 111 317 11 263 321 106 345 443 350 93 164 442 444 333 236 2 25 59 453 7 6 43 129 251 70 395 228 0 110 498 143 483 410 486 53 298 224 238 345 242 14 435 466 150 261 74 439 455 407 57 119 52 423 400 295 369 122 167 354 224 
316 429 261 133 430 246 32 283 373 439 380 335 487 70 89 129 60 21 97 189 163 444 121 205 315 213 334 499 137 115 164 58 11 383 346 443 237 331 155 251 351 290 52 295 420 61 360 267 273 34 133 191 301 378 387 379 0 115 209 72 61 452 470 323 64 37 50 110 0 367 155 221 196 408 323 149 76 57 99 148 142 88 99 289 477 192 326 57 227 363 446 335 498 41 138 440 274 272 302 486 
309 364 133 351 140 125 224 346 200 338 31 221 217 124 84 315 344 352 19 70 367 419 174 487 30 345 216 44 199 162 185 115 321 2 41 304 73 233 452 311 229 224 159 483 165 345 450 326 91 397 213 371 486 162 190 84 406 418 122 219 166 218 491 459 66 103 279 498 367 0 464 37 324 138 28 145 292 280 416 92 269 285 256 65 236 148 442 421 186 146 113 460 51 14 411 136 335 249 234 463 
61 491 52 251 23 465 456 480 61 465 23 300 328 235 453 112 182 376 157 289 292 199 276 461 342 131 160 200 138 80 120 45 429 168 141 262 334 133 270 82 0 60 364 141 99 336 165 333 29 327 254 28 319 484 110 168 417 397 125 406 410 463 48 190 469 344 99 143 155 464 0 60 183 131 491 497 159 54 274 36 334 334 109 205 25 412 429 461 443 490 196 152 364 5 484 65 328 317 115 331 
153 201 341 404 229 215 65 150 32 83 219 296 439 278 238 241 303 6 120 170 349 205 24 78 287 484 129 139 398 473 138 315 2 41 485 63 211 66 327 83 430 65 82 482 331 235 290 312 256 302 448 13 126 497 64 215 293 407 437 418 338 424 70 183 345 328 59 483 221 37 60 0 98 65 97 466 451 78 56 120 47 413 466 127 106 392 440 1 35 168 389 171 177 44 147 305 414 218 410 401 
479 73 406 385 245 209 336 481 439 199 101 407 195 219 84 427 355 60 133 452 300 103 188 398 375 69 304 490 343 57 357 319 375 149 190 446 298 467 346 9 80 479 481 207 219 138 425 199 270 14 10 355 232 265 118 220 237 264 209 203 44 50 41 301 344 427 141 410 196 324 183 98 0 426 99 443 96 61 177 117 230 23 168 447 465 216 27 160 112 26 394 95 23 211 155 112 458 313 263 253 
470 288 394 8 227 335 77 175 205 50 142 254 318 390 224 479 365 254 171 22 344 267 9 410 372 52 374 477 197 370 441 267 341 117 468 65 321 155 227 414 283 137 432 49 162 382 35 92 135 430 34 20 228 188 224 134 233 103 125 122 282 260 65 430 264 423 322 486 408 138 131 65 426 0 381 448 27 368 372 229 3 476 359 427 283 158 40 416 231 386 304 220 260 375 371 172 399 358 74 455 
290 423 399 168 485 134 455 44 444 208 300 219 18 349 447 80 299 448 184 119 132 340 388 270 297 433 140 122 45 40 227 250 82 247 99 50 230 396 304 331 305 51 82 139 267 370 176 143 56 473 116 457 286 366 433 343 172 314 298 471 437 261 309 420 86 327 441 53 323 28 491 97 99 381 0 392 307 21 236 124 41 463 395 3 453 327 386 163 177 110 119 273 264 284 2 326 427 379 92 326 
89 98 297 66 460 391 73 465 105 306 438 396 18 262 444 226 15 393 323 69 124 218 369 472 170 161 15 325 229 494 37 195 330 49 300 201 294 61 303 492 459 448 206 113 469 139 455 61 151 410 177 76 39 222 2 224 196 349 23 412 223 214 371 308 120 481 156 298 149 145 497 466 443 448 392 0 287 173 8 281 106 177 184 276 405 159 443 238 49 149 219 88 117 106 100 455 92 469 484 96 
387 259 262 145 229 159 324 267 466 468 427 94 349 296 42 423 396 417 411 368 48 281 333 74 188 384 168 468 425 204 344 421 460 411 422 451 200 342 130 425 430 451 220 198 27 480 405 382 425 114 112 204 192 9 438 5 366 166 171 80 464 41 26 386 435 233 251 224 76 292 159 451 96 27 307 287 0 98 396 138 411 226 428 265 126 42 47 378 206 339 127 467 467 258 261 125 421 86 381 228 
448 132 141 170 416 63 318 315 484 9 474 241 385 408 460 248 85 278 101 171 5 401 296 172 109 231 487 170 25 184 302 227 246 188 352 197 489 395 398 451 18 373 257 219 373 415 68 383 110 359 125 96 339 83 18 159 18 61 167 103 166 438 226 193 382 376 260 238 57 280 54 78 61 368 21 173 98 0 309 206 297 422 94 175 153 339 153 397 401 313 88 375 270 397 217 210 340 475 448 251 
299 69 407 253 413 156 285 83 348 93 299 362 106 166 235 219 171 164 99 108 347 14 414 212 7 122 327 492 320 499 398 271 386 192 52 217 24 488 193 89 188 414 296 268 346 358 237 245 68 297 325 147 221 237 143 407 170 49 46 39 252 12 20 431 476 191 25 345 99 416 274 56 177 372 236 8 396 309 0 61 237 207 332 246 165 163 470 334 435 162 461 163 419 394 465 156 89 224 40 61 
289 213 441 223 296 231 340 231 135 132 82 382 250 144 352 457 101 268 33 273 394 419 26 383 33 282 12 436 325 52 312 24 345 296 202 273 258 305 177 358 111 281 150 70 480 253 327 359 216 297 118 218 277 381 65 152 213 371 176 86 374 242 241 9 97 162 248 242 148 92 36 120 117 229 124 281 138 206 61 0 102 29 366 281 45 448 110 88 46 358 295 112 355 159 39 388 36 246 424 10 
25 80 217 324 449 86 174 257 185 215 58 275 230 82 211 37 270 462 91 28 161 112 196 376 100 458 171 191 248 122 198 50 258 228 145 242 438 360 473 477 493 195 404 213 32 25 404 295 221 348 168 84 120 91 338 232 119 337 66 432 262 34 331 137 194 102 11 14 142 269 334 47 230 3 41 106 411 297 237 102 0 266 458 303 127 396 105 499 459 220 152 474 297 123 1 146 43 187 301 480 
351 277 123 352 211 230 89 1 15 487 228 29 421 487 363 327 488 477 214 346 475 82 331 339 119 169 147 362 406 60 252 405 61 220 380 441 50 339 238 124 451 5 440 489 125 482 104 153 380 430 111 106 58 287 51 327 430 122 247 407 296 214 205 449 406 310 15 435 88 285 334 413 23 476 463 177 226 422 207 29 266 0 266 315 280 250 209 470 76 437 143 149 227 415 423 368 493 17 281 153 
255 184 35 94 146 290 36 47 5 107 278 458 281 246 299 422 92 413 308 52 41 291 76 424 157 208 446 458 132 263 127 331 441 179 137 100 137 409 250 154 40 97 327 479 46 139 338 81 398 292 221 197 293 313 206 429 193 351 316 194 238 488 175 471 421 480 183 466 99 256 109 466 168 359 395 184 428 94 332 366 458 266 0 263 431 396 471 199 311 315 90 430 165 96 315 114 146 282 202 27 
170 320 266 69 378 427 38 384 359 267 478 30 421 191 390 93 444 309 7 40 23 222 147 150 225 262 382 469 240 1 355 305 26 287 363 479 466 478 345 209 386 406 220 143 106 442 361 483 438 317 295 209 299 497 295 242 252 367 140 103 355 255 52 356 445 262 497 150 289 65 205 127 447 427 3 276 265 175 246 281 303 315 263 0 380 196 471 115 208 375 247 128 300 322 409 413 21 71 293 391 
286 393 320 414 444 357 412 304 496 191 206 326 216 83 133 11 476 305 165 206 98 418 119 291 24 467 350 434 495 475 75 194 287 465 262 139 8 460 182 86 495 122 435 448 59 119 138 466 373 250 60 341 93 48 406 418 268 212 65 119 127 71 114 42 250 249 228 261 477 236 25 106 465 283 453 405 126 153 165 45 127 280 431 380 0 178 242 366 90 372 465 395 388 258 53 296 328 340 396 491 
227 325 460 269 180 223 347 402 165 82 423 55 187 307 309 330 91 111 44 344 75 189 205 256 224 217 356 48 260 280 150 88 466 67 278 173 343 48 432 76 263 98 335 116 357 480 166 161 491 433 429 85 250 391 193 288 288 286 57 59 327 410 226 290 241 264 166 74 192 148 412 392 216 158 327 159 42 339 163 448 396 250 396 196 178 0 332 465 164 376 124 83 469 373 2 226 94 1 20 252 
204 42 124 69 81 143 327 201 2 23 38 61 334 101 205 400 232 456 136 210 417 93 477 292 410 490 408 275 389 69 391 139 335 306 39 173 69 73 444 327 195 336 395 102 316 7 22 264 448 8 272 8 290 157 47 331 86 196 406 467 314 190 467 105 11 383 153 439 326 442 429 440 27 40 386 443 47 153 470 110 105 209 471 471 242 332 0 232 97 390 284 333 313 376 431 65 218 235 401 309 
102 250 288 247 72 290 219 217 493 260 256 92 193 199 32 349 373 343 433 444 356 486 25 364 0 332 22 145 53 209 395 247 8 319 134 136 123 244 482 490 375 46 439 48 65 462 168 219 469 482 113 287 340 266 133 290 321 136 177 495 406 463 249 120 56 133 66 455 57 421 461 1 160 416 163 238 378 397 334 88 499 470 199 115 366 465 232 0 225 429 25 127 398 396 85 85 302 125 455 226 
65 206 320 312 204 102 197 136 143 116 478 306 124 115 473 160 178 336 219 108 188 282 321 116 223 212 186 170 266 42 268 458 376 162 446 481 253 204 338 97 322 95 411 115 387 221 237 104 78 140 364 66 194 431 365 256 184 65 106 265 0 484 389 402 411 457 307 407 227 186 443 35 112 231 177 49 206 401 435 46 459 76 311 208 90 164 97 225 0 55 453 45 244 206 89 181 443 273 479 269 
316 403 448 200 41 160 273 223 189 32 223 287 178 239 3 137 390 463 177 301 203 413 330 314 99 498 103 98 117 290 368 374 192 448 106 184 348 426 67 235 407 477 471 205 30 420 345 458 259 98 42 308 277 66 133 5 278 290 311 440 17 402 369 43 348 226 260 57 363 146 490 168 26 386 110 149 339 313 162 358 220 437 315 375 372 376 390 429 55 0 292 0 359 105 307 329 496 447 478 134 
133 367 137 323 445 3 494 86 234 452 275 41 425 201 355 304 378 391 433 260 225 326 125 190 189 207 435 347 219 383 114 428 313 48 26 140 227 209 466 65 465 387 473 476 250 153 453 229 9 343 100 271 111 278 263 188 68 2 460 468 373 166 360 418 385 1 485 119 446 113 196 389 394 304 119 219 127 88 461 295 152 143 90 247 465 124 284 25 453 292 0 485 350 295 444 256 27 6 14 363 
34 1 171 438 156 265 236 469 424 386 472 302 152 471 80 425 380 208 99 137 367 228 312 331 184 293 158 140 387 188 77 59 459 30 130 176 140 138 391 360 276 60 94 328 437 53 385 139 427 228 196 304 368 396 475 313 183 391 148 146 333 59 127 273 101 207 495 52 335 460 152 171 95 220 273 88 467 375 163 112 474 149 430 128 395 83 333 127 45 0 485 0 456 387 35 188 217 388 7 130 
408 216 300 239 327 497 372 78 289 272 193 158 499 478 366 110 142 495 67 77 354 454 492 102 226 494 45 374 48 383 444 381 475 170 347 318 98 467 94 72 67 138 491 289 268 460 12 300 312 434 177 75 117 390 47 490 340 205 484 143 314 64 0 298 182 375 370 423 498 51 364 177 23 260 264 117 467 270 419 355 297 227 165 300 388 469 313 398 244 359 350 456 0 143 264 216 85 417 173 221 
266 387 131 464 1 380 85 202 73 153 94 227 388 454 302 366 168 147 371 137 133 312 362 320 101 55 185 86 117 241 263 148 432 167 453 146 213 94 207 75 266 229 482 8 302 494 71 6 198 455 144 444 224 278 101 31 240 303 425 28 59 89 270 349 412 288 63 400 41 14 5 44 211 375 284 106 258 397 394 159 123 415 96 322 258 373 376 396 206 105 295 387 143 0 312 338 403 243 199 167 
252 396 182 271 85 29 84 447 368 439 499 115 22 242 212 207 131 348 454 471 490 209 458 425 227 368 464 55 405 289 207 355 396 323 341 49 134 284 426 286 111 322 369 258 411 300 304 485 3 362 108 422 40 401 437 12 347 419 91 148 160 405 425 90 330 281 388 295 138 411 484 147 155 371 2 100 261 217 465 39 1 423 315 409 53 2 431 85 89 307 444 35 264 312 0 498 172 338 66 49 
449 238 255 415 241 56 109 19 327 362 248 279 343 231 251 251 96 498 479 138 306 491 301 413 281 451 469 286 277 142 41 355 435 158 299 461 380 374 84 38 113 156 93 373 171 31 252 253 399 123 100 36 100 366 192 46 164 303 281 452 309 433 222 482 89 242 204 369 440 136 65 305 112 172 326 455 125 210 156 388 146 368 114 413 296 226 65 85 181 329 256 188 216 338 498 0 276 184 68 17 
468 129 143 416 28 161 290 424 241 447 347 219 81 382 489 105 403 249 390 491 168 45 317 345 167 270 38 486 425 202 182 95 128 255 396 220 341 313 46 278 27 403 224 186 486 365 397 368 116 218 344 104 163 379 15 372 343 307 217 326 17 180 57 369 36 458 200 122 274 335 328 414 458 399 427 92 421 340 89 36 43 493 146 21 328 94 218 302 443 496 27 217 85 403 172 276 0 457 485 165 
254 354 442 143 0 150 366 209 34 398 0 182 416 185 193 253 424 121 248 111 275 43 103 123 116 223 285 203 212 117 84 469 307 466 104 84 381 65 372 130 60 87 215 445 493 121 342 465 249 158 148 266 70 496 193 203 467 183 460 214 444 415 214 424 461 225 200 167 272 249 317 218 313 358 379 469 86 475 224 246 187 17 282 71 340 1 235 125 273 447 6 388 417 243 338 184 457 0 24 11 
260 31 253 165 237 390 471 27 497 460 184 491 99 491 440 390 106 413 498 223 290 62 125 221 495 446 78 254 201 23 413 98 46 187 478 212 418 482 184 214 356 19 458 127 230 401 326 392 266 24 44 255 102 119 288 384 421 256 135 168 199 410 213 8 135 415 62 354 302 234 115 410 263 74 92 484 381 448 40 424 301 281 202 293 396 20 401 455 479 478 14 7 173 199 66 68 485 24 0 225 
87 129 118 111 102 322 42 187 442 497 188 372 338 113 433 348 331 50 96 159 109 29 117 324 406 321 189 225 238 409 469 381 239 107 129 413 154 185 50 393 249 294 202 8 434 227 172 207 496 442 472 150 8 319 121 483 227 73 205 144 158 375 144 491 434 252 483 224 486 463 331 401 253 455 326 96 228 251 61 10 480 153 27 391 491 252 309 226 269 134 363 130 221 167 49 17 165 11 225 0 
