100
0 241 113 254 187 296 167 183 246 255 176 299 119 186 265 108 262 145 193 222 271 290 256 188 275 299 175 185 232 279 179 281 179 103 291 257 219 292 228 181 201 210 170 105 206 159 289 202 245 109 196 134 274 252 285 250 283 123 277 235 237 297 269 239 113 175 293 284 216 209 261 153 179 270 290 189 287 148 299 189 225 151 155 170 286 227 104 202 165 216 133 134 208 166 252 149 168 154 160 287 
241 0 214 221 197 237 148 113 190 261 129 252 265 177 175 177 255 173 284 212 263 176 231 263 281 174 162 234 261 243 216 246 277 142 266 147 177 204 236 279 226 246 254 297 225 213 272 102 225 140 133 299 282 222 203 116 287 137 154 116 299 162 172 285 152 121 165 233 129 264 291 201 273 288 223 198 259 132 269 213 180 177 184 120 293 125 242 250 206 103 267 201 216 287 296 138 129 254 231 129 
113 214 0 289 218 161 175 292 249 164 150 148 105 269 286 203 283 174 287 148 201 141 195 134 287 295 172 290 169 177 200 209 137 200 217 282 191 122 104 123 253 165 172 246 130 135 119 269 110 221 193 257 239 128 281 160 123 149 112 213 199 228 215 141 270 276 228 272 261 133 152 141 206 294 299 297 162 241 107 241 117 123 235 166 220 160 224 288 120 248 137 271 200 131 182 255 243 242 153 218 
254 221 289 0 277 295 238 124 143 203 298 182 285 143 286 270 294 250 261 118 263 251 144 150 171 206 273 242 203 289 296 148 102 111 146 138 147 155 200 227 284 280 276 269 149 128 201 154 198 219 268 140 182 130 277 101 297 100 131 235 292 200 151 267 278 299 272 221 233 251 151 104 185 108 268 166 245 170 153 123 124 152 294 169 114 169 269 247 212 100 223 138 239 164 271 115 216 143 165 211 
187 197 218 277 0 225 123 101 130 176 209 240 116 234 133 107 280 253 193 268 221 229 291 122 187 258 180 298 229 261 153 268 215 125 193 222 285 213 223 271 149 265 201 175 279 201 202 229 116 181 173 281 124 129 250 259 196 107 189 292 254 259 236 220 266 219 184 244 230 240 223 229 145 127 185 160 229 116 113 296 149 111 246 278 244 280 281 172 104 141 145 156 127 201 285 241 128 200 137 102 
296 237 161 295 225 0 242 292 120 143 193 215 150 177 260 296 197 281 117 217 265 190 103 140 299 289 138 186 207 285 158 124 192 243 287 223 131 162 264 213 250 246 115 217 179 168 144 234 280 126 235 123 200 124 148 209 294 234 226 118 224 142 255 260 204 141 226 270 246 125 265 115 109 135 134 291 159 163 156 231 186 130 290 227 157 123 143 190 102 160 103 165 197 280 229 156 161 250 290 222 
167 148 175 238 123 242 0 259 248 209 186 275 115 168 230 174 165 187 201 214 121 274 288 211 204 158 197 118 192 172 130 211 223 295 121 206 106 173 111 282 105 240 186 287 213 169 223 138 115 120 209 241 275 199 270 223 201 184 147 165 131 140 274 147 116 111 298 157 232 224 256 265 136 277 155 273 224 118 285 140 174 289 136 138 212 247 127 119 297 173 294 136 172 285 284 109 290 166 271 142 
183 113 292 124 101 292 259 0 167 202 180 262 109 168 148 222 165 199 182 150 145 172 215 192 279 109 242 121 151 134 293 254 172 116 212 206 184 184 140 240 246 197 131 120 138 156 239 174 164 111 196 231 237 253 194 167 153 277 199 270 166 189 177 281 149 212 223 188 183 246 280 150 281 175 244 165 267 115 283 131 157 101 147 184 204 102 101 217 236 223 186 169 278 202 147 119 124 109 127 287 
246 190 249 143 130 120 248 167 0 261 216 267 164 291 228 111 213 210 147 190 110 291 150 151 238 189 108 124 253 244 106 135 148 115 167 289 254 260 150 116 125 142 180 130 217 231 109 126 126 154 281 249 276 251 116 200 220 112 189 236 129 194 254 282 277 109 101 229 173 100 161 232 239 105 144 105 266 284 248 235 285 115 205 259 196 265 202 293 143 289 234 224 189 173 168 127 241 234 197 242 
255 261 164 203 176 143 209 202 261 0 149 236 266 296 192 119 161 143 165 235 195 289 219 280 200 147 103 297 292 261 149 227 223 104 199 256 269 222 204 188 270 164 275 142 121 278 127 163 172 193 261 239 200 294 229 125 203 141 174 225 222 142 229 106 137 135 287 197 139 138 165 183 199 150 208 106 268 209 293 132 115 187 107 267 191 182 123 260 216 132 152 286 272 153 239 162 147 298 160 197 
176 129 150 298 209 193 186 180 216 149 0 297 193 283 133 261 278 165 253 259 241 287 172 177 230 140 177 276 270 263 154 133 253 106 144 245 209 153 183 219 236 294 160 235 245 174 137 234 179 284 239 199 124 141 226 156 172 204 136 246 256 120 182 289 237 163 188 240 180 131 223 219 201 142 100 138 227 274 299 282 158 228 178 278 206 123 138 256 278 123 175 272 193 294 299 148 247 200 284 288 
299 252 148 182 240 215 275 262 267 236 297 0 174 128 140 156 178 272 204 269 122 190 291 116 161 118 225 154 219 204 172 140 248 268 197 251 256 297 266 289 295 284 214 289 291 295 286 272 293 257 284 275 164 164 138 240 120 196 112 144 118 186 151 284 159 130 297 223 135 121 200 196 107 154 119 296 194 241 262 282 175 129 258 130 126 155 261 192 206 287 241 102 158 127 115 279 219 282 191 272 
119 265 105 285 116 150 115 109 164 266 193 174 0 227 266 190 178 229 184 195 112 139 283 176 218 264 234 169 172 246 260 162 295 141 101 223 121 122 241 213 293 170 238 273 269 143 116 248 182 299 223 199 237 283 215 148 232 262 287 212 175 246 269 103 132 214 152 201 287 117 128 139 295 218 218 218 149 185 106 150 130 221 181 221 116 287 134 193 124 278 225 152 299 288 222 243 181 216 199 138 
186 177 269 143 234 177 168 168 291 296 283 128 227 0 235 263 240 281 195 203 251 193 233 278 105 275 101 208 107 188 194 227 297 235 228 218 245 250 170 159 223 215 157 180 139 174 127 153 105 236 199 263 195 220 172 155 253 237 257 182 192 264 137 260 255 236 275 243 270 124 135 278 119 290 249 162 296 108 166 144 282 287 246 291 283 107 201 299 215 239 101 171 178 254 142 231 282 185 191 113 
265 175 286 286 133 260 230 148 228 192 133 140 266 235 0 183 111 212 225 140 115 153 275 120 240 126 178 227 194 208 154 277 208 198 242 250 165 237 145 151 232 100 290 173 208 216 269 203 236 129 231 145 225 244 252 107 124 251 203 115 210 186 201 162 205 283 250 176 289 284 253 138 184 224 247 244 242 260 235 152 111 163 199 190 233 109 105 132 173 203 155 280 266 102 212 251 189 193 240 233 
108 177 203 270 107 296 174 222 111 119 261 156 190 263 183 0 247 176 121 279 155 163 142 115 128 189 282 193 205 257 233 117 208 225 204 197 116 217 206 171 156 106 138 277 265 124 123 207 233 250 149 226 129 288 162 149 133 151 191 205 261 171 176 232 226 132 178 231 129 115 112 141 127 279 280 226 223 248 119 157 137 227 122 193 211 230 200 149 260 237 204 225 110 166 207 151 205 153 190 248 
262 255 283 294 280 197 165 165 213 161 278 178 178 240 111 247 0 281 264 299 293 181 269 248 159 203 269 168 140 130 246 240 111 213 268 136 160 106 188 183 196 206 281 286 262 211 199 218 205 157 142 101 151 177 121 191 157 232 182 226 232 243 104 292 237 288 155 200 260 244 182 103 255 265 199 115 296 185 171 101 170 188 292 144 276 191 232 173 178 190 278 280 142 268 131 196 103 224 206 131 
145 173 174 250 253 281 187 199 210 143 165 272 229 281 212 176 281 0 281 205 238 203 200 298 122 166 236 266 283 223 129 242 293 123 268 291 197 231 156 264 110 202 147 281 173 285 214 233 287 105 106 124 288 113 167 260 165 265 129 101 228 166 173 143 266 239 193 148 221 252 176 106 260 254 148 193 117 278 164 168 262 177 113 109 205 211 156 243 236 163 291 208 295 247 148 198 249 121 113 250 
193 284 287 261 193 117 201 182 147 165 253 204 184 195 225 121 264 281 0 291 179 105 254 279 298 112 178 202 162 164 171 200 165 212 141 106 235 297 207 138 276 196 142 285 181 222 115 137 232 265 150 183 294 102 228 282 232 238 127 273 222 174 261 163 214 205 130 113 297 119 257 120 233 271 184 223 111 201 299 133 291 214 108 207 165 244 136 233 219 277 133 299 267 271 154 279 290 148 198 296 
222 212 148 118 268 217 214 150 190 235 259 269 195 203 140 279 299 205 291 0 182 276 178 135 260 140 239 138 109 174 128 100 281 118 196 210 290 205 166 112 192 133 118 222 270 271 144 195 138 234 187 289 244 158 165 136 180 145 261 206 249 145 297 223 255 170 106 153 289 170 189 170 152 122 219 269 268 271 108 273 128 146 152 140 106 244 110 144 108 101 160 237 277 237 271 238 291 211 123 159 
271 263 201 263 221 265 121 145 110 195 241 122 112 251 115 155 293 238 179 182 0 179 285 157 198 270 238 100 107 246 259 258 102 157 162 113 177 136 157 284 250 111 170 245 247 157 136 279 265 149 140 235 206 102 229 119 267 128 252 180 177 288 295 111 190 240 231 211 263 267 192 149 100 144 232 224 148 205 147 194 161 175 141 223 198 175 217 156 288 103 225 167 154 133 190 206 268 175 290 109 
290 176 141 251 229 190 274 172 291 289 287 190 139 193 153 163 181 203 105 276 179 0 157 183 235 176 221 119 138 137 141 176 110 296 220 151 149 257 178 259 190 167 131 279 153 195 169 161 164 194 269 124 175 253 159 170 266 294 196 293 126 249 225 240 146 168 189 193 144 219 299 105 103 167 240 118 281 101 114 119 112 182 291 122 118 189 293 186 282 213 126 228 154 212 109 291 245 143 262 129 
256 231 195 144 291 103 288 215 150 219 172 291 283 233 275 142 269 200 254 178 285 157 0 162 181 295 126 218 260 281 121 254 128 239 144 180 105 299 299 201 295 115 161 185 208 274 278 244 218 292 123 195 171 149 182 179 190 226 146 290 248 127 185 192 282 291 265 232 121 274 276 224 188 209 188 269 133 296 214 226 196 131 276 147 119 105 177 125 221 130 225 112 292 162 158 201 217 203 225 217 
188 263 134 150 122 140 211 192 151 280 177 116 176 278 120 115 248 298 279 135 157 183 162 0 114 141 163 190 171 218 188 235 156 186 218 144 186 190 174 274 152 145 119 213 208 138 176 159 299 170 288 245 190 158 289 225 168 278 283 291 178 254 162 143 135 228 221 151 205 187 161 178 298 110 270 172 274 272 112 183 176 139 224 250 291 256 292 264 116 214 190 131 102 220 225 113 245 123 121 224 
275 281 287 171 187 299 204 279 238 200 230 161 218 105 240 128 159 122 298 260 198 235 181 114 0 286 177 284 271 111 266 130 205 194 125 243 288 198 255 233 250 275 281 235 215 283 158 261 132 219 167 270 184 275 286 219 226 245 297 114 277 204 129 170 193 285 227 114 115 130 142 287 175 172 197 170 188 209 207 233 200 119 157 125 124 224 210 100 123 199 289 184 126 201 227 281 267 216 295 206 
299 174 295 206 258 289 158 109 189 147 140 118 264 275 126 189 203 166 112 140 270 176 295 141 286 0 275 239 154 192 133 131 265 146 119 241 175 285 291 159 215 254 290 235 129 158 252 207 208 117 183 183 119 190 119 109 128 228 254 123 238 181 260 219 236 237 264 299 213 245 231 284 269 252 133 261 184 231 122 282 258 269 208 162 167 117 290 232 212 298 207 193 294 255 168 151 170 223 246 221 
175 162 172 273 180 138 197 242 108 103 177 225 234 101 178 282 269 236 178 239 238 221 126 163 177 275 0 256 247 291 185 195 123 143 284 145 243 147 290 214 136 148 133 183 166 195 146 276 196 213 100 217 279 138 235 201 179 105 132 157 275 146 218 149 146 220 140 116 234 216 160 129 204 174 240 115 168 287 227 212 271 147 246 282 150 156 108 122 286 203 235 158 145 185 264 169 238 185 278 289 
185 234 290 242 298 186 118 121 124 297 276 154 169 208 227 193 168 266 202 138 100 119 218 190 284 239 256 0 214 132 170 237 269 222 274 278 277 184 132 149 261 219 172 286 189 222 237 172 138 153 258 292 295 123 240 131 244 249 202 200 244 257 173 212 138 224 213 112 299 144 200 239 290 277 122 125 168 170 192 136 291 262 258 269 234 148 275 245 270 298 147 240 274 186 255 186 286 103 254 125 
232 261 169 203 229 207 192 151 253 292 270 219 172 107 194 205 140 283 162 109 107 138 260 171 271 154 247 214 0 223 229 123 215 211 284 249 230 292 158 295 260 179 263 196 163 283 215 145 278 217 106 252 258 295 166 224 203 157 245 149 225 185 179 276 156 297 289 134 237 199 138 198 143 197 245 229 125 225 220 125 148 106 132 240 195 260 189 153 266 217 219 187 248 217 205 177 225 212 101 238 
279 243 177 289 261 285 172 134 244 261 263 204 246 188 208 257 130 223 164 174 246 137 281 218 111 192 291 132 223 0 161 222 153 180 159 205 187 225 296 222 284 288 202 148 271 131 288 292 138 277 238 224 107 201 132 107 149 212 176 222 239 214 209 145 103 254 210 149 115 262 180 273 257 270 240 194 104 284 299 152 222 260 163 101 275 180 169 209 142 290 183 188 183 241 189 242 102 217 223 109 
179 216 200 296 153 158 130 293 106 149 154 172 260 194 154 233 246 129 171 128 259 141 121 188 266 133 185 170 229 161 0 227 105 155 249 214 255 296 217 241 229 221 202 185 241 203 116 272 145 260 163 273 145 105 185 225 133 101 124 185 121 250 162 186 214 203 188 152 264 185 120 138 157 241 227 137 144 102 198 112 198 252 127 155 175 150 291 195 168 168 114 177 144 263 107 241 282 184 113 169 
281 246 209 148 268 124 211 254 135 227 133 140 162 227 277 117 240 242 200 100 258 176 254 235 130 131 195 237 123 222 227 0 184 258 114 285 182 155 190 116 234 292 228 252 159 132 188 128 159 205 220 240 274 258 122 201 103 299 181 262 240 132 124 256 299 194 263 212 158 215 245 115 219 167 150 295 221 227 171 124 250 205 131 205 194 188 239 247 158 274 128 259 181 148 255 255 195 169 198 181 
179 277 137 102 215 192 223 172 148 223 253 248 295 297 208 208 111 293 165 281 102 110 128 156 205 265 123 269 215 153 105 184 0 147 195 127 153 128 267 277 150 297 221 221 131 200 282 296 269 253 266 155 138 223 103 183 210 227 295 202 140 173 274 103 141 262 220 241 211 221 229 102 175 241 182 130 260 246 286 145 258 261 141 226 287 266 135 208 176 192 213 259 275 232 296 135 128 107 246 139 
103 142 200 111 125 243 295 116 115 104 106 268 141 235 198 225 213 123 212 118 157 296 239 186 194 146 143 222 211 180 155 258 147 0 203 124 100 238 207 152 182 297 198 160 272 290 174 111 244 291 258 168 256 187 261 269 140 192 123 168 266 243 182 264 225 165 288 109 283 202 268 141 249 117 147 249 211 188 292 196 228 220 179 187 165 167 206 219 162 148 148 230 170 167 223 158 155 266 187 207 
291 266 217 146 193 287 121 212 167 199 144 197 101 228 242 204 268 268 141 196 162 220 144 218 125 119 284 274 284 159 249 114 195 203 0 104 254 242 134 265 106 209 147 282 214 180 233 235 262 262 185 170 120 141 196 188 127 253 132 274 181 212 175 198 174 254 121 150 146 241 241 185 290 268 199 200 222 252 252 102 245 280 137 163 262 278 139 134 246 206 126 130 147 253 241 299 296 204 178 129 
257 147 282 138 222 223 206 206 289 256 245 251 223 218 250 197 136 291 106 210 113 151 180 144 243 241 145 278 249 205 214 285 127 124 104 0 189 128 146 191 236 152 245 136 266 108 215 135 269 276 123 143 132 126 241 264 110 295 243 252 248 132 115 208 224 200 164 280 243 104 262 163 246 165 150 201 251 297 117 273 242 141 200 279 139 273 273 236 281 284 140 176 218 246 149 261 220 284 112 213 
219 177 191 147 285 131 106 184 254 269 209 256 121 245 165 116 160 197 235 290 177 149 105 186 288 175 243 277 230 187 255 182 153 100 254 189 0 295 162 238 284 171 106 188 288 205 156 129 149 154 129 130 266 230 250 263 227 242 102 148 247 183 243 178 244 202 103 269 237 273 134 111 298 221 230 294 200 289 224 258 138 250 137 266 208 143 169 223 253 148 227 240 198 113 134 280 241 281 218 254 
292 204 122 155 213 162 173 184 260 222 153 297 122 250 237 217 106 231 297 205 136 257 299 190 198 285 147 184 292 225 296 155 128 238 242 128 295 0 102 210 290 158 122 219 270 202 156 216 218 172 198 256 122 109 132 224 182 267 269 135 251 139 146 238 163 214 254 235 131 233 133 166 167 155 296 261 242 195 288 205 160 239 209 178 160 148 273 144 204 226 209 138 267 294 284 274 113 165 182 185 
228 236 104 200 223 264 111 140 150 204 183 266 241 170 145 206 188 156 207 166 157 178 299 174 255 291 290 132 158 296 217 190 267 207 134 146 162 102 0 267 117 222 186 136 268 158 162 232 167 234 256 265 257 120 172 234 293 249 182 138 207 268 232 223 249 129 222 262 155 152 170 127 246 227 204 203 130 298 193 177 173 238 250 245 182 232 144 282 138 267 166 291 294 207 126 284 246 272 184 150 
181 279 123 227 271 213 282 240 116 188 219 289 213 159 151 171 183 264 138 112 284 259 201 274 233 159 214 149 295 222 241 116 277 152 265 191 238 210 267 0 282 159 294 292 299 118 116 256 258 116 170 214 253 235 261 270 287 276 289 262 251 289 268 105 176 294 216 265 151 111 182 283 209 214 231 292 125 251 189 258 177 224 154 109 286 276 127 190 297 135 265 160 272 175 286 238 178 130 214 293 
201 226 253 284 149 250 105 246 125 270 236 295 293 223 232 156 196 110 276 192 250 190 295 152 250 215 136 261 260 284 229 234 150 182 106 236 284 290 117 282 0 297 277 165 155 257 224 258 243 150 275 280 171 143 270 151 163 155 137 137 210 183 184 111 297 126 154 211 251 129 100 230 180 183 105 259 130 118 188 211 193 251 240 186 195 263 295 275 222 107 265 176 167 166 111 213 127 260 256 149 
210 246 165 280 265 246 240 197 142 164 294 284 170 215 100 106 206 202 196 133 111 167 115 145 275 254 148 219 179 288 221 292 297 297 209 152 171 158 222 159 297 0 144 178 150 261 229 249 161 293 296 158 255 231 213 297 261 242 299 172 257 109 261 293 234 163 286 117 190 124 260 265 179 237 151 248 151 273 114 181 195 105 297 206 222 298 236 246 295 277 187 160 238 229 122 156 203 187 119 294 
170 254 172 276 201 115 186 131 180 275 160 214 238 157 290 138 281 147 142 118 170 131 161 119 281 290 133 172 263 202 202 228 221 198 147 245 106 122 186 294 277 144 0 298 144 220 142 120 103 245 183 258 289 174 265 224 265 248 135 292 177 287 172 217 147 228 125 111 152 259 264 182 281 232 182 106 220 157 196 150 104 240 127 220 235 235 295 139 211 171 173 194 291 182 169 293 224 215 158 102 
105 297 246 269 175 217 287 120 130 142 235 289 273 180 173 277 286 281 285 222 245 279 185 213 235 235 183 286 196 148 185 252 221 160 282 136 188 219 136 292 165 178 298 0 236 128 284 196 290 152 288 224 125 202 145 211 299 203 279 100 109 295 186 243 126 248 224 263 195 283 241 282 107 249 239 113 298 219 168 270 113 289 279 143 248 116 202 148 215 105 276 228 289 208 158 273 186 245 227 108 
206 225 130 149 279 179 213 138 217 121 245 291 269 139 208 265 262 173 181 270 247 153 208 208 215 129 166 189 163 271 241 159 131 272 214 266 288 270 268 299 155 150 144 236 0 156 172 224 286 247 119 108 129 200 220 167 151 115 154 243 103 145 166 127 143 179 118 221 120 165 199 131 219 262 267 269 227 173 246 280 132 125 146 106 259 157 216 265 287 130 250 137 168 102 111 171 286 293 230 234 
159 213 135 128 201 168 169 156 231 278 174 295 143 174 216 124 211 285 222 271 157 195 274 138 283 158 195 222 283 131 203 132 200 290 180 108 205 202 158 118 257 261 220 128 156 0 149 220 126 221 246 211 228 171 110 165 218 147 152 219 276 212 189 214 144 251 202 106 161 145 236 135 238 182 270 139 180 215 258 153 225 182 239 142 219 280 107 262 121 220 153 153 160 194 100 131 265 121 101 227 
289 272 119 201 202 144 223 239 109 127 137 286 116 127 269 123 199 214 115 144 136 169 278 176 158 252 146 237 215 288 116 188 282 174 233 215 156 156 162 116 224 229 142 284 172 149 0 226 103 161 290 167 139 275 228 140 181 173 299 181 240 139 251 190 292 299 220 245 260 250 165 190 125 135 176 155 105 168 237 227 204 204 138 261 238 266 122 268 137 145 253 285 212 271 104 152 297 142 126 172 
202 102 269 154 229 234 138 174 126 163 234 272 248 153 203 207 218 233 137 195 279 161 244 159 261 207 276 172 145 292 272 128 296 111 235 135 129 216 232 256 258 249 120 196 224 220 226 0 104 244 175 217 227 109 270 279 258 265 250 270 123 235 104 116 261 103 159 143 267 126 133 112 199 292 243 261 282 183 245 259 195 153 181 283 166 161 264 219 104 158 129 239 200 206 285 153 168 165 192 207 
245 225 110 198 116 280 115 164 126 172 179 293 182 105 236 233 205 287 232 138 265 164 218 299 132 208 196 138 278 138 145 159 269 244 262 269 149 218 167 258 243 161 103 290 286 126 103 104 0 159 169 228 294 130 121 255 203 249 232 291 274 148 133 101 169 142 188 150 173 291 129 156 270 235 256 151 125 110 268 216 121 280 198 238 273 191 248 169 278 259 209 227 112 198 203 299 116 149 266 196 
109 140 221 219 181 126 120 111 154 193 284 257 299 236 129 250 157 105 265 234 149 194 292 170 219 117 213 153 217 277 260 205 253 291 262 276 154 172 234 116 150 293 245 152 247 221 161 244 159 0 219 290 190 294 296 128 258 237 245 245 154 179 294 239 275 180 182 293 134 197 127 102 114 230 273 110 114 159 297 297 148 130 292 117 250 233 108 282 140 298 243 228 134 255 262 123 118 258 124 242 
196 133 193 268 173 235 209 196 281 261 239 284 223 199 231 149 142 106 150 187 140 269 123 288 167 183 100 258 106 238 163 220 266 258 185 123 129 198 256 170 275 296 183 288 119 246 290 175 169 219 0 199 148 122 104 161 138 269 193 284 269 107 176 244 239 116 241 164 233 113 154 148 210 234 216 177 112 225 125 218 268 111 121 295 160 229 272 213 164 142 100 296 177 244 108 200 244 248 244 272 
134 299 257 140 281 123 241 231 249 239 199 275 199 263 145 226 101 124 183 289 235 124 195 245 270 183 217 292 252 224 273 240 155 168 170 143 130 256 265 214 280 158 258 224 108 211 167 217 228 290 199 0 154 236 214 132 278 231 171 214 206 130 298 136 196 190 274 142 291 271 128 213 255 220 257 276 104 296 147 218 184 106 197 209 241 185 108 187 266 108 271 204 275 144 222 136 104 266 255 150 
274 282 239 182 124 200 275 237 276 200 124 164 237 195 225 129 151 288 294 244 206 175 171 190 184 119 279 295 258 107 145 274 138 256 120 132 266 122 257 253 171 255 289 125 129 228 139 227 294 190 148 154 0 190 299 127 164 270 149 185 185 254 104 112 181 198 200 144 201 286 219 226 132 228 186 239 292 139 121 277 120 158 193 299 193 150 290 240 194 177 111 268 117 124 140 100 263 170 202 108 
252 222 128 130 129 124 199 253 251 294 141 164 283 220 244 288 177 113 102 158 102 253 149 158 275 190 138 123 295 201 105 258 223 187 141 126 230 109 120 235 143 231 174 202 200 171 275 109 130 294 122 236 190 0 110 260 157 153 290 179 299 101 233 174 171 158 266 133 278 162 284 197 265 188 266 122 109 283 137 281 191 287 113 197 248 191 257 266 231 166 278 296 190 278 101 266 179 196 119 119 
285 203 281 277 250 148 270 194 116 229 226 138 215 172 252 162 121 167 228 165 229 159 182 289 286 119 235 240 166 132 185 122 103 261 196 241 250 132 172 261 270 213 265 145 220 110 228 270 121 296 104 214 299 110 0 239 272 268 104 299 148 240 168 133 168 230 122 236 287 290 210 164 118 224 133 202 238 218 143 165 138 151 106 295 106 193 147 133 265 133 263 275 147 201 237 292 115 193 188 121 
250 116 160 101 259 209 223 167 200 125 156 240 148 155 107 149 191 260 282 136 119 170 179 225 219 109 201 131 224 107 225 201 183 269 188 264 263 224 234 270 151 297 224 211 167 165 140 279 255 128 161 132 127 260 239 0 121 152 277 182 230 143 284 240 213 253 254 202 179 284 268 115 220 134 143 124 105 259 207 252 132 227 229 242 218 188 131 190 256 205 288 113 290 131 112 246 272 203 284 183 
283 287 123 297 196 294 201 153 220 203 172 120 232 253 124 133 157 165 232 180 267 266 190 168 226 128 179 244 203 149 133 103 210 140 127 110 227 182 293 287 163 261 265 299 151 218 181 258 203 258 138 278 164 157 272 121 0 278 205 286 273 218 117 101 166 251 252 125 200 206 117 193 137 133 172 296 166 218 170 213 219 130 193 152 168 188 186 221 284 178 268 283 240 240 247 264 143 267 121 227 
123 137 149 100 107 234 184 277 112 141 204 196 262 237 251 151 232 265 238 145 128 294 226 278 245 228 105 249 157 212 101 299 227 192 253 295 242 267 249 276 155 242 248 203 115 147 173 265 249 237 269 231 270 153 268 152 278 0 219 219 158 112 264 283 130 162 150 259 115 118 297 207 164 103 114 149 166 161 249 271 237 122 251 267 112 286 196 136 165 190 102 291 205 203 219 203 107 183 256 273 
277 154 112 131 189 226 147 199 189 174 136 112 287 257 203 191 182 129 127 261 252 196 146 283 297 254 132 202 245 176 124 181 295 123 132 243 102 269 182 289 137 299 135 279 154 152 299 250 232 245 193 171 149 290 104 277 205 219 0 150 116 277 116 235 106 144 216 253 209 122 225 137 209 225 198 123 271 267 246 276 266 247 116 240 165 157 206 177 206 211 260 248 184 225 191 181 117 160 135 205 
235 116 213 235 292 118 165 270 236 225 246 144 212 182 115 205 226 101 273 206 180 293 290 291 114 123 157 200 149 222 185 262 202 168 274 252 148 135 138 262 137 172 292 100 243 219 181 270 291 245 284 214 185 179 299 182 286 219 150 0 184 123 114 128 209 149 126 107 172 219 106 118 203 222 171 212 180 103 139 286 132 107 294 203 119 259 167 295 165 140 268 146 143 228 248 252 226 214 168 144 
237 299 199 292 254 224 131 166 129 222 256 118 175 192 210 261 232 228 222 249 177 126 248 178 277 238 275 244 225 239 121 240 140 266 181 248 247 251 207 251 210 257 177 109 103 276 240 123 274 154 269 206 185 299 148 230 273 158 116 184 0 172 166 133 190 185 186 106 161 166 110 238 244 282 237 223 264 266 152 174 162 196 138 155 227 127 114 206 100 117 273 233 114 259 260 109 117 144 299 258 
297 162 228 200 259 142 140 189 194 142 120 186 246 264 186 171 243 166 174 145 288 249 127 254 204 181 146 257 185 214 250 132 173 243 212 132 183 139 268 289 183 109 287 295 145 212 139 235 148 179 107 130 254 101 240 143 218 112 277 123 172 0 296 137 159 155 102 243 252 118 163 124 150 260 161 214 241 238 112 142 234 214 288 255 271 210 290 163 284 102 166 259 264 289 105 233 280 115 110 275 
269 172 215 151 236 255 274 177 254 229 182 151 269 137 201 176 104 173 261 297 295 225 185 162 129 260 218 173 179 209 162 124 274 182 175 115 243 146 232 268 184 261 172 186 166 189 251 104 133 294 176 298 104 233 168 284 117 264 116 114 166 296 0 234 184 272 237 229 270 291 148 170 241 165 109 271 126 126 120 141 131 105 175 152 214 126 167 149 289 169 260 227 200 170 125 222 157 214 113 144 
239 285 141 267 220 260 147 281 282 106 289 284 103 260 162 232 292 143 163 223 111 240 192 143 170 219 149 212 276 145 186 256 103 264 198 208 178 238 223 105 111 293 217 243 127 214 190 116 101 239 244 136 112 174 133 240 101 283 235 128 133 137 234 0 246 189 201 251 123 259 190 283 201 230 220 108 186 293 131 209 137 249 271 156 142 190 105 120 102 243 118 273 198 149 190 182 169 224 208 191 
113 152 270 278 266 204 116 149 277 137 237 159 132 255 205 226 237 266 214 255 190 146 282 135 193 236 146 138 156 103 214 299 141 225 174 224 244 163 249 176 297 234 147 126 143 144 292 261 169 275 239 196 181 171 168 213 166 130 106 209 190 159 184 246 0 158 201 170 164 266 269 245 244 164 286 120 235 182 176 197 194 106 121 145 250 141 211 156 111 148 285 101 182 212 230 189 236 261 235 234 
175 121 276 299 219 141 111 212 109 135 163 130 214 236 283 132 288 239 205 170 240 168 291 228 285 237 220 224 297 254 203 194 262 165 254 200 202 214 129 294 126 163 228 248 179 251 299 103 142 180 116 190 198 158 230 253 251 162 144 149 185 155 272 189 158 0 249 295 237 203 244 228 127 123 227 281 233 176 191 162 202 110 280 162 249 164 283 233 257 126 101 107 175 288 181 142 158 225 215 252 
293 165 228 272 184 226 298 223 101 287 188 297 152 275 250 178 155 193 130 106 231 189 265 221 227 264 140 213 289 210 188 263 220 288 121 164 103 254 222 216 154 286 125 224 118 202 220 159 188 182 241 274 200 266 122 254 252 150 216 126 186 102 237 201 201 249 0 128 150 179 299 159 241 222 141 256 151 260 225 148 111 215 183 297 228 166 153 266 107 260 185 195 270 263 188 204 200 100 262 283 
284 233 272 221 244 270 157 188 229 197 240 223 201 243 176 231 200 148 113 153 211 193 232 151 114 299 116 112 134 149 152 212 241 109 150 280 269 235 262 265 211 117 111 263 221 106 245 143 150 293 164 142 144 133 236 202 125 259 253 107 106 243 229 251 170 295 128 0 110 198 143 183 210 186 153 198 224 238 145 142 214 235 266 150 161 174 139 255 107 157 119 252 223 100 295 169 122 167 254 124 
216 129 261 233 230 246 232 183 173 139 180 135 287 270 289 129 260 221 297 289 263 144 121 205 115 213 234 299 237 115 264 158 211 283 146 243 237 131 155 151 251 190 152 195 120 161 260 267 173 134 233 291 201 278 287 179 200 115 209 172 161 252 270 123 164 237 150 110 0 167 255 121 196 208 223 249 176 257 199 248 142 288 199 289 277 192 126 157 127 163 246 135 198 241 138 240 174 272 202 286 
209 264 133 251 240 125 224 246 100 138 131 121 117 124 284 115 244 252 119 170 267 219 274 187 130 245 216 144 199 262 185 215 221 202 241 104 273 233 152 111 129 124 259 283 165 145 250 126 291 197 113 271 286 162 290 284 206 118 122 219 166 118 291 259 266 203 179 198 167 0 164 237 124 138 228 245 192 280 116 292 169 285 256 165 236 248 242 121 186 146 113 160 151 214 111 236 135 149 134 163 
261 291 152 151 223 265 256 280 161 165 223 200 128 135 253 112 182 176 257 189 192 299 276 161 142 231 160 200 138 180 120 245 229 268 241 262 134 133 170 182 100 260 264 241 199 236 165 133 129 127 154 128 219 284 210 268 117 297 225 106 110 163 148 190 269 244 299 143 255 164 0 260 183 131 191 197 259 254 274 236 134 234 109 205 125 112 229 161 243 190 196 152 164 205 284 165 128 117 215 231 
153 201 141 104 229 115 265 150 232 183 219 196 139 278 138 141 103 106 120 170 149 105 224 178 287 284 129 239 198 273 138 115 102 141 185 163 111 166 127 283 230 265 182 282 131 135 190 112 156 102 148 213 226 197 164 115 193 207 137 118 238 124 170 283 245 228 159 183 121 237 260 0 198 265 297 166 251 178 156 120 247 213 166 227 106 192 140 201 135 168 289 271 177 144 147 105 214 118 110 201 
179 273 206 185 145 109 136 281 239 199 201 107 295 119 184 127 255 260 233 152 100 103 188 298 175 269 204 290 143 257 157 219 175 249 290 246 298 167 246 209 180 179 281 107 219 238 125 199 270 114 210 255 132 265 118 220 137 164 209 203 244 150 241 201 244 127 241 210 196 124 183 198 0 126 199 143 296 161 177 117 230 123 168 147 165 116 227 160 212 226 194 295 123 211 155 112 258 113 163 253 
270 288 294 108 127 135 277 175 105 150 142 154 218 290 224 279 265 254 271 122 144 167 209 110 172 252 174 277 197 270 241 167 241 117 268 165 221 155 227 214 183 237 232 249 262 182 135 292 235 230 234 220 228 188 224 134 133 103 225 222 282 260 165 230 164 123 222 186 208 138 131 265 126 0 181 148 227 168 172 129 203 176 259 127 283 258 240 216 131 286 104 220 160 275 271 172 199 258 174 255 
290 223 299 268 185 134 155 244 144 208 100 119 218 249 247 280 199 148 184 219 232 240 188 270 197 133 240 122 245 240 227 150 182 147 199 150 230 296 204 231 105 151 182 239 267 270 176 243 256 273 216 257 186 266 133 143 172 114 198 171 237 161 109 220 286 227 141 153 223 228 191 297 199 181 0 292 107 221 236 124 141 263 295 203 253 127 186 263 177 110 219 173 264 184 202 126 127 279 192 226 
189 198 297 166 160 291 273 165 105 106 138 296 218 162 244 226 115 193 223 269 224 118 269 172 170 261 115 125 229 194 137 295 130 249 200 201 294 261 203 292 259 248 106 113 269 139 155 261 151 110 177 276 239 122 202 124 296 149 123 212 223 214 271 108 120 281 256 198 249 245 197 166 143 148 292 0 187 173 108 281 106 277 284 176 105 259 143 238 149 149 119 188 217 206 200 255 292 169 284 296 
287 259 162 245 229 159 224 267 266 268 227 194 149 296 242 223 296 117 111 268 148 281 133 274 188 184 168 168 125 104 144 221 260 211 222 251 200 242 130 125 130 151 220 298 227 180 105 282 125 114 112 104 292 109 238 105 166 166 271 180 264 241 126 186 235 233 151 224 176 192 259 251 296 227 107 187 0 198 196 138 111 226 228 165 126 142 147 278 106 239 127 167 167 158 261 125 221 186 181 228 
148 132 241 170 116 163 118 115 284 209 274 241 185 108 260 248 185 278 201 271 205 101 296 272 209 231 287 170 225 284 102 227 246 188 252 297 289 195 298 251 118 273 157 219 173 215 168 183 110 159 225 296 139 283 218 259 218 161 267 103 266 238 126 293 182 176 260 238 257 280 254 178 161 168 221 173 198 0 209 206 197 222 194 175 253 139 253 297 101 113 188 275 270 297 217 110 240 175 248 151 
299 269 107 153 113 156 285 283 248 293 299 262 106 166 235 119 171 164 299 108 147 114 214 112 207 122 227 192 220 299 198 171 286 292 252 117 224 288 193 189 188 114 196 168 246 258 237 245 268 297 125 147 121 137 143 207 170 249 246 139 152 112 120 131 176 191 225 145 199 116 274 156 177 172 236 108 196 209 0 261 237 207 232 146 265 263 170 234 135 262 161 263 219 294 265 256 189 224 140 161 
189 213 241 123 296 231 140 131 235 132 282 282 150 144 152 157 101 168 133 273 194 119 226 183 233 282 212 136 125 152 112 124 145 196 102 273 258 205 177 258 211 181 150 270 280 153 227 259 216 297 218 218 277 281 165 252 213 271 276 286 174 142 141 209 197 162 148 142 248 292 236 120 117 129 124 281 138 206 261 0 202 229 166 281 245 148 110 288 246 258 195 112 155 259 239 288 236 146 124 110 
225 180 117 124 149 186 174 157 285 115 158 175 130 282 111 137 170 262 291 128 161 112 196 176 200 258 271 291 148 222 198 250 258 228 245 242 138 160 173 177 193 195 104 113 132 225 204 195 121 148 268 184 120 191 138 132 219 237 266 132 162 234 131 137 194 202 111 214 142 169 134 247 230 203 141 106 111 197 237 202 0 166 158 103 227 296 105 199 259 120 152 174 197 223 201 146 143 287 201 180 
151 177 123 152 111 130 289 101 115 187 228 129 221 287 163 227 188 177 214 146 175 182 131 139 119 269 147 262 106 260 252 205 261 220 280 141 250 239 238 224 251 105 240 289 125 182 204 153 280 130 111 106 158 287 151 227 130 122 247 107 196 214 105 249 106 110 215 235 288 285 234 213 123 176 263 277 226 222 207 229 166 0 166 115 280 150 209 170 276 137 143 149 227 115 123 168 193 217 281 253 
155 184 235 294 246 290 136 147 205 107 178 258 181 246 199 122 292 113 108 152 141 291 276 224 157 208 246 258 132 163 127 131 141 179 137 200 137 209 250 154 240 297 127 279 146 239 138 181 198 292 121 197 193 113 106 229 193 251 116 294 138 288 175 271 121 280 183 266 199 256 109 166 168 259 295 284 228 194 232 166 158 166 0 163 131 196 271 299 111 115 190 230 165 196 115 114 246 182 202 127 
170 120 166 169 278 227 138 184 259 267 278 130 221 291 190 193 144 109 207 140 223 122 147 250 125 162 282 269 240 101 155 205 226 187 163 279 266 178 245 109 186 206 220 143 106 142 261 283 238 117 295 209 299 197 295 242 152 267 240 203 155 255 152 156 145 162 297 150 289 165 205 227 147 127 203 176 165 175 146 281 103 115 163 0 280 296 171 215 208 175 247 128 200 122 109 113 121 171 193 191 
286 293 220 114 244 157 212 204 196 191 206 126 116 283 233 211 276 205 165 106 198 118 119 291 124 167 150 234 195 275 175 194 287 165 262 139 208 160 182 286 195 222 235 248 259 219 238 166 273 250 160 241 193 248 106 218 168 112 165 119 227 271 214 142 250 249 228 161 277 236 125 106 165 283 253 105 126 253 265 245 227 280 131 280 0 178 142 266 190 272 265 295 188 158 153 296 128 240 196 191 
227 125 160 169 280 123 247 102 265 182 123 155 287 107 109 230 191 211 244 244 175 189 105 256 224 117 156 148 260 180 150 188 266 167 278 273 143 148 232 276 263 298 235 116 157 280 266 161 191 233 229 185 150 191 193 188 188 286 157 259 127 210 126 190 141 164 166 174 192 248 112 192 116 258 127 259 142 139 263 148 296 150 196 296 178 0 232 165 264 176 224 283 269 173 102 226 194 201 120 152 
104 242 224 269 281 143 127 101 202 123 138 261 134 201 105 200 232 156 136 110 217 293 177 292 210 290 108 275 189 169 291 239 135 206 139 273 169 273 144 127 295 236 295 202 216 107 122 264 248 108 272 108 290 257 147 131 186 196 206 167 114 290 167 105 211 283 153 139 126 242 229 140 227 240 186 143 147 253 170 110 105 209 271 171 142 232 0 132 297 290 184 133 113 176 131 165 118 135 201 109 
202 250 288 247 172 190 119 217 293 260 256 192 193 299 132 149 173 243 233 144 156 186 125 264 100 232 122 245 153 209 195 247 208 219 134 236 223 144 282 190 275 246 139 148 265 262 268 219 169 282 213 187 240 266 133 190 221 136 177 295 206 163 149 120 156 233 266 255 157 121 161 201 160 216 263 238 278 297 234 288 199 170 299 215 266 165 132 0 225 129 225 227 298 296 285 185 102 125 155 226 
165 206 120 212 104 102 297 236 143 216 278 206 124 215 173 260 178 236 219 108 288 282 221 116 123 212 286 270 266 142 168 158 176 162 246 281 253 204 138 297 222 295 211 215 287 121 137 104 278 140 164 266 194 231 265 256 284 165 206 165 100 284 289 102 111 257 107 107 127 186 243 135 212 131 177 149 106 101 135 246 259 276 111 208 190 264 297 225 0 255 253 145 144 206 189 281 243 173 279 169 
216 103 248 100 141 160 173 223 289 132 123 287 278 239 203 237 190 163 277 101 103 213 130 214 199 298 203 298 217 290 168 274 192 148 206 284 148 226 267 135 107 277 171 105 130 220 145 158 259 298 142 108 177 166 133 205 178 190 211 140 117 102 169 243 148 126 260 157 163 146 190 168 226 286 110 149 239 113 262 258 120 137 115 175 272 176 290 129 255 0 292 100 259 205 107 129 196 247 278 234 
133 267 137 223 145 103 294 186 234 152 175 241 225 101 155 204 278 291 133 160 225 126 225 190 289 207 235 147 219 183 114 128 213 148 126 140 227 209 166 265 265 187 173 276 250 153 253 129 209 243 100 271 111 278 263 288 268 102 260 268 273 166 260 118 285 101 185 119 246 113 196 289 194 104 219 119 127 188 161 195 152 143 190 247 265 224 184 225 253 292 0 285 150 295 244 156 127 106 114 163 
134 201 271 138 156 165 136 169 224 286 272 102 152 171 280 225 280 208 299 237 167 228 112 131 184 193 158 240 187 188 177 259 259 230 130 176 240 138 291 160 176 160 194 228 137 153 285 239 227 228 296 204 268 296 275 113 283 291 248 146 233 259 227 273 101 107 195 252 135 160 152 271 295 220 173 188 167 275 263 112 174 149 230 128 295 283 133 227 145 100 285 0 156 287 235 288 117 288 107 230 
208 216 200 239 127 197 172 278 189 272 193 158 299 178 266 110 142 295 267 277 154 154 292 102 126 294 145 274 248 183 144 181 275 170 147 218 198 267 294 272 167 238 291 289 168 160 212 200 112 134 177 275 117 190 147 290 240 205 184 143 114 264 200 198 182 175 270 223 198 151 164 177 123 160 264 217 167 270 219 155 197 227 165 200 188 269 113 298 144 259 150 156 0 243 164 216 185 217 173 221 
166 287 131 164 201 280 285 202 173 153 294 127 288 254 102 166 268 247 271 237 133 212 162 220 201 255 185 186 217 241 263 148 232 167 253 246 113 294 207 175 166 229 182 208 102 194 271 206 198 255 244 144 124 278 201 131 240 203 225 228 259 289 170 149 212 288 263 100 241 214 205 144 211 275 184 206 158 297 294 259 223 115 196 122 158 173 176 296 206 205 295 287 243 0 112 138 103 143 199 167 
252 296 182 271 285 229 284 147 168 239 299 115 222 142 212 207 131 148 154 271 190 109 158 225 227 168 264 255 205 189 107 255 296 223 241 149 134 284 126 286 111 122 169 158 111 100 104 285 203 262 108 222 140 101 237 112 247 219 191 248 260 105 125 190 230 181 188 295 138 111 284 147 155 271 202 200 261 217 265 239 201 123 115 109 153 102 131 285 189 107 244 235 164 112 0 298 172 238 166 149 
149 138 255 115 241 156 109 119 127 162 148 279 243 231 251 151 196 198 279 238 206 291 201 113 281 151 169 186 177 242 241 255 135 158 299 261 280 274 284 238 213 156 293 273 171 131 152 153 299 123 200 136 100 266 292 246 264 203 181 252 109 233 222 182 189 142 204 169 240 236 165 105 112 172 126 255 125 110 256 288 146 168 114 113 296 226 165 185 281 129 156 288 216 138 298 0 276 284 168 117 
168 129 243 216 128 161 290 124 241 147 247 219 181 282 189 205 103 249 290 291 268 245 217 245 267 170 238 286 225 102 282 195 128 155 296 220 241 113 246 178 127 203 224 186 286 265 297 168 116 118 244 104 263 179 115 272 143 107 117 226 117 280 157 169 236 158 200 122 174 135 128 214 258 199 127 292 221 240 189 236 143 193 246 121 128 194 118 102 243 196 127 117 185 103 172 276 0 257 285 165 
154 254 242 143 200 250 166 109 234 298 200 282 216 185 193 153 224 121 148 211 175 143 203 123 216 223 185 103 212 217 184 169 107 266 204 284 281 165 272 130 260 187 215 245 293 121 142 165 149 258 248 266 170 196 193 203 267 183 160 214 144 115 214 224 261 225 100 167 272 149 117 118 113 258 279 169 186 175 224 146 287 217 182 171 240 201 135 125 173 247 106 288 217 143 238 284 257 0 224 111 
160 231 153 165 137 290 271 127 197 160 284 191 199 191 240 190 206 113 198 123 290 262 225 121 295 246 278 254 101 223 113 198 246 187 178 112 218 182 184 214 256 119 158 227 230 101 126 192 266 124 244 255 202 119 188 284 121 256 135 168 299 110 113 208 235 215 262 254 202 134 215 110 163 174 192 284 181 248 140 124 201 281 202 193 196 120 201 155 279 278 114 107 173 199 166 168 285 224 0 225 
287 129 218 211 102 222 142 287 242 197 288 272 138 113 233 248 131 250 296 159 109 129 217 224 206 221 289 125 238 109 169 181 139 207 129 213 254 185 150 293 149 294 102 108 234 227 172 207 196 242 272 150 108 119 121 183 227 273 205 144 258 275 144 191 234 252 283 124 286 163 231 201 253 255 226 296 228 151 161 110 180 253 127 191 191 152 109 226 169 234 163 230 221 167 149 117 165 111 225 0 
